name: busco
channels:
  - bioconda
  - conda-forge
  - pkgs/main
dependencies:
  - _libgcc_mutex=0.1=main
  - _openmp_mutex=5.1=1_gnu
  - augustus=3.3=pl526hcfae127_4
  - bamtools=2.4.1=1
  - blas=1.0=openblas
  - blast=2.10.1=pl526he19e7b1_3
  - boost=1.67.0=py36_4
  - busco=2.0.1=py36_0
  - bzip2=1.0.8=h5eee18b_6
  - ca-certificates=2024.12.31=h06a4308_0
  - certifi=2021.5.30=py36h06a4308_0
  - curl=7.71.1=h8f29fe8_2
  - entrez-direct=22.4=he881be0_0
  - gsl=2.2.1=h0c605f7_3
  - hmmer=3.3.2=h87f3376_2
  - icu=58.2=he6710b0_3
  - krb5=1.19.4=h568e23c_0
  - ld_impl_linux-64=2.40=h12ee557_0
  - libboost=1.67.0=h46d08c1_4
  - libcurl=7.71.1=h303737a_2
  - libedit=3.1.20230828=h5eee18b_0
  - libffi=3.3=he6710b0_2
  - libgcc=7.2.0=h69d50b8_2
  - libgcc-ng=11.2.0=h1234567_1
  - libgfortran-ng=7.5.0=ha8ba4b0_17
  - libgfortran4=7.5.0=ha8ba4b0_17
  - libgomp=11.2.0=h1234567_1
  - libopenblas=0.2.20=h9ac9557_7
  - libssh2=1.10.0=h37d81fd_2
  - libstdcxx-ng=11.2.0=h1234567_1
  - lp_solve=5.5.2.5=h14c3975_1001
  - metis=5.1.0=hf484d3e_4
  - ncurses=6.4=h6a678d5_0
  - numpy=1.15.0=py36h2aefc1b_0
  - numpy-base=1.15.0=py36h7cdd4dd_0
  - openblas=0.2.20=7
  - openblas-devel=0.2.20=7
  - openssl=1.1.1w=h7f8727e_0
  - pcre=8.45=h295c915_0
  - perl=5.26.2=h14c3975_0
  - perl-app-cpanminus=1.7044=pl526_1
  - perl-archive-tar=2.32=pl526_0
  - perl-carp=1.38=pl526_3
  - perl-common-sense=3.74=pl526_2
  - perl-compress-raw-bzip2=2.087=pl526he1b5a44_0
  - perl-compress-raw-zlib=2.087=pl526hc9558a2_0
  - perl-constant=1.33=pl526_1
  - perl-cpan-meta=2.150010=pl526_0
  - perl-cpan-meta-requirements=2.140=pl526_0
  - perl-cpan-meta-yaml=0.018=pl526_0
  - perl-data-dumper=2.173=pl526_0
  - perl-dbi=1.642=pl526_0
  - perl-encode=2.88=pl526_1
  - perl-exporter=5.72=pl526_1
  - perl-exporter-tiny=1.002001=pl526_0
  - perl-extutils-cbuilder=0.280230=pl526_1
  - perl-extutils-makemaker=7.36=pl526_1
  - perl-extutils-manifest=1.72=pl526_0
  - perl-extutils-parsexs=3.35=pl526_0
  - perl-file-path=2.16=pl526_0
  - perl-file-temp=0.2304=pl526_2
  - perl-getopt-long=2.50=pl526_1
  - perl-io-compress=2.087=pl526he1b5a44_0
  - perl-io-zlib=1.10=pl526_2
  - perl-ipc-cmd=1.02=pl526_0
  - perl-json=4.02=pl526_0
  - perl-json-pp=4.04=pl526_0
  - perl-json-xs=2.34=pl526h6bb024c_3
  - perl-list-moreutils=0.428=pl526_1
  - perl-list-moreutils-xs=0.428=pl526_0
  - perl-locale-maketext-simple=0.21=pl526_2
  - perl-module-build=0.4224=pl526_3
  - perl-module-corelist=5.20190524=pl526_0
  - perl-module-load=0.32=pl526_1
  - perl-module-load-conditional=0.68=pl526_2
  - perl-module-metadata=1.000036=pl526_0
  - perl-params-check=0.38=pl526_1
  - perl-parent=0.236=pl526_1
  - perl-pathtools=3.75=pl526h14c3975_1
  - perl-perl-ostype=1.010=pl526_1
  - perl-scalar-list-utils=1.52=pl526h516909a_0
  - perl-text-abbrev=1.02=pl526_0
  - perl-text-parsewords=3.30=pl526_0
  - perl-types-serialiser=1.0=pl526_2
  - perl-version=0.9924=pl526_0
  - perl-xsloader=0.24=pl526_0
  - perl-yaml=1.29=pl526_0
  - pip=21.2.2=py36h06a4308_0
  - py-boost=1.67.0=py36h04863e7_4
  - python=3.6.13=h12debd9_1
  - readline=8.2=h5eee18b_0
  - setuptools=58.0.4=py36h06a4308_0
  - sqlite=3.38.2=hc218d9a_0
  - suitesparse=5.2.0=h0253a28_0
  - tbb=2018.0.5=h6bb024c_0
  - tk=8.6.11=h1ccaba5_0
  - wget=1.20.1=h20c2e04_0
  - wheel=0.37.1=pyhd3eb1b0_0
  - xz=5.4.6=h5eee18b_1
  - zlib=1.2.11=h7f8727e_4

